77,36
0,453
0,452
77,35
33,68
33,193
33,257
33,256
33,7
33,5
33,1
33,121
33,3
14,14
3,2
3,1
3,3
10,256
10,242
10,280
10,250
10,172
10,178
10,108
10,1
10,82
10,2
10,3
11,17
11,9
11,7
11,4
11,19
11,1
11,16
11,2
11,3
9,7
9,6
9,1
9,4
9,2
9,3
8,8
8,18
8,7
8,9
8,11
8,1
8,17
8,2
8,3
0,318
65,2
65,1
65,0
64,5
64,4
64,3
64,2
64,1
64,0
63,5
63,4
63,3
63,2
63,1
63,0
62,7
62,6
62,5
62,4
62,3
62,2
62,1
62,0
61,6
61,5
61,4
61,3
61,2
61,1
61,0
60,5
60,4
60,3
60,2
60,1
60,0
59,3
59,2
59,1
59,0
58,4
58,3
58,2
58,1
58,0
57,9
57,8
57,7
57,6
57,5
57,4
57,3
57,2
57,1
57,0
55,4
55,3
55,2
55,1
55,0
54,4
54,1
35,14
35,13
35,12
35,11
35,10
35,9
35,8
35,1
34,95
34,94
34,93
34,92
34,91
34,90
34,89
34,88
34,87
34,86
34,85
34,84
34,83
34,82
34,81
34,80
34,79
34,78
34,77
34,76
34,75
34,74
34,73
34,72
34,71
34,70
34,69
